
,,,,,,,,,,,,,,,,Special Teams,Special Teams,Special Teams,Special Teams,Special Teams,Special Teams,Special Teams,Special Teams,Special Teams,Special Teams,Shot Data,Shot Data,Shot Data,Shot Data,Shot Data
Rk,,AvAge,GP,W,L,OL,PTS,PTS%,GF,GA,SOW,SOL,SRS,SOS,TG/G,PP,PPO,PP%,PPA,PPOA,PK%,SH,SHA,PIM/G,oPIM/G,S,S%,SA,SV%,PDO
1,Detroit Red Wings*,32.1,82,58,16,8,124,.756,305,209,4,3,1.03,-0.14,6.27,102,461,22.13,67,461,85.47,7,10,13.5,13.1,2796,10.8,2180,.906,
2,Ottawa Senators*,27.3,82,52,21,9,113,.689,314,211,2,6,1.18,-0.08,6.40,102,490,20.82,73,476,84.66,25,11,17.6,17.7,2811,11.1,2344,.913,
3,Carolina Hurricanes*,29.2,82,52,22,8,112,.683,294,260,8,2,0.29,-0.13,6.76,95,531,17.89,81,445,81.80,17,13,13.5,16.2,2553,11.2,2497,.897,
4,Dallas Stars*,29.7,82,53,23,6,112,.683,265,218,12,1,0.61,0.04,5.89,88,498,17.67,82,504,83.73,10,7,18.1,17.0,2333,10.8,2099,.897,
5,Buffalo Sabres*,26.9,82,52,24,6,110,.671,281,239,5,5,0.50,-0.01,6.34,101,477,21.17,59,439,86.56,10,17,14.0,15.2,2510,11.0,2502,.906,
6,Nashville Predators*,27.6,82,49,25,8,106,.646,259,227,6,3,0.32,-0.07,5.93,94,512,18.36,82,533,84.62,12,13,18.5,18.0,2379,10.6,2661,.916,
7,Calgary Flames*,28.0,82,46,25,11,103,.628,218,200,2,7,0.30,0.08,5.10,87,478,18.20,80,508,84.25,8,7,17.9,16.5,2299,9.4,2260,.915,
8,Philadelphia Flyers*,28.2,82,45,26,11,101,.616,267,259,4,6,0.00,-0.10,6.41,80,444,18.02,97,465,79.14,19,6,14.5,14.0,2552,10.3,2370,.893,
9,New Jersey Devils*,30.0,82,46,27,9,101,.616,242,229,9,4,0.05,-0.11,5.74,78,441,17.69,63,349,81.95,3,6,11.4,14.2,2393,9.7,2403,.906,
10,New York Rangers*,28.2,82,44,26,12,100,.610,257,215,7,4,0.38,-0.14,5.76,83,442,18.78,79,486,83.74,4,9,14.4,13.7,2448,10.2,2358,.911,
11,San Jose Sharks*,26.5,82,44,27,11,99,.604,266,242,1,7,0.36,0.06,6.20,91,500,18.20,77,399,80.70,10,11,12.7,14.9,2483,10.7,2180,.892,
12,Mighty Ducks of Anaheim*,28.2,82,43,27,12,98,.598,254,229,3,7,0.37,0.06,5.89,87,480,18.13,84,510,83.53,9,13,17.6,17.0,2585,9.7,2431,.909,
13,Colorado Avalanche*,29.6,82,43,30,9,95,.579,283,257,3,6,0.39,0.07,6.59,89,473,18.82,69,448,84.60,11,12,14.0,15.4,2464,11.4,2415,.896,
14,Edmonton Oilers*,28.7,82,41,28,13,95,.579,256,251,7,9,0.15,0.09,6.18,88,485,18.14,76,478,84.10,15,5,14.4,15.5,2442,10.2,2094,.884,
15,Montreal Canadiens*,27.9,82,42,31,9,93,.567,243,247,2,3,-0.01,0.04,5.98,89,463,19.22,91,481,81.08,10,6,16.0,15.0,2470,9.8,2507,.903,
16,Vancouver Canucks,27.9,82,42,32,8,92,.561,256,255,4,4,0.11,0.10,6.23,96,526,18.25,93,512,81.84,6,10,17.9,17.9,2358,10.7,2466,.898,
17,Tampa Bay Lightning*,29.3,82,43,33,6,92,.561,252,260,6,4,-0.18,-0.08,6.24,81,485,16.70,72,391,81.59,11,11,11.4,13.7,2594,9.5,2260,.887,
18,Toronto Maple Leafs,29.4,82,41,33,8,90,.549,257,270,3,7,-0.11,0.05,6.43,107,501,21.36,99,496,80.04,14,12,16.8,16.9,2323,10.9,2509,.895,
19,Atlanta Thrashers,28.9,82,41,33,8,90,.549,281,275,5,5,-0.03,-0.10,6.78,100,527,18.98,102,492,79.27,13,10,16.1,17.4,2522,10.9,2483,.891,
20,Los Angeles Kings,28.6,82,42,35,5,89,.543,249,270,6,1,-0.15,0.11,6.33,77,541,14.23,104,489,78.73,15,12,17.6,20.4,2394,10.2,2459,.891,
21,Florida Panthers,27.6,82,37,34,11,85,.518,240,257,4,5,-0.28,-0.07,6.06,63,411,15.33,91,514,82.30,5,12,15.3,13.0,2724,8.7,2853,.912,
22,Minnesota Wild,27.7,82,38,36,8,84,.512,231,215,5,3,0.28,0.08,5.44,77,454,16.96,55,436,87.39,11,7,14.5,15.4,2194,10.3,2460,.914,
23,Phoenix Coyotes,28.4,82,38,39,5,81,.494,246,271,4,3,-0.19,0.12,6.30,96,541,17.74,98,513,80.90,9,11,18.2,18.0,2318,10.4,2479,.892,
24,New York Islanders,27.7,82,36,40,6,78,.476,230,278,9,3,-0.62,-0.04,6.20,76,450,16.89,99,476,79.20,5,15,15.2,14.0,2481,8.9,2549,.892,
25,Columbus Blue Jackets,27.4,82,35,43,4,74,.451,223,279,8,3,-0.66,0.02,6.12,64,451,14.19,95,523,81.84,10,8,17.0,15.4,2250,9.6,2762,.900,
26,Boston Bruins,28.0,82,29,37,16,74,.451,230,266,2,8,-0.36,0.08,6.05,62,418,14.83,78,479,83.72,9,10,14.2,12.8,2511,9.1,2633,.902,
27,Washington Capitals,27.6,82,29,41,12,70,.427,237,306,7,6,-0.86,-0.02,6.62,72,490,14.69,116,550,78.91,15,18,18.0,16.3,2445,9.4,2880,.896,
28,Chicago Blackhawks,26.8,82,26,43,13,65,.396,211,285,2,6,-0.86,0.04,6.05,51,417,12.23,88,547,83.91,6,12,18.5,15.2,2480,8.4,2417,.885,
29,Pittsburgh Penguins,26.8,82,22,46,14,58,.354,244,316,1,6,-0.89,-0.01,6.83,94,495,18.99,113,533,78.80,13,16,18.8,16.7,2297,10.6,2723,.886,
30,St. Louis Blues,29.0,82,21,46,15,57,.348,197,292,4,8,-1.09,0.07,5.96,75,512,14.65,82,461,82.21,6,8,16.5,17.5,2335,8.3,2510,.887,
,League Average,28.3,82,41,32,9,91,.557,253,253,,,0.00,0.00,6.17,85,480,17.68,85,480,82.32,11,11,15.8,15.8,2458,10.3,2458,.899,
