
,,,,,,,,,,,,,,,,Special Teams,Special Teams,Special Teams,Special Teams,Special Teams,Special Teams,Special Teams,Special Teams,Special Teams,Special Teams,Shot Data,Shot Data,Shot Data,Shot Data,Shot Data
Rk,,AvAge,GP,W,L,OL,PTS,PTS%,GF,GA,SOW,SOL,SRS,SOS,TG/G,PP,PPO,PP%,PPA,PPOA,PK%,SH,SHA,PIM/G,oPIM/G,S,S%,SA,SV%,PDO
1,Detroit Red Wings*,32.3,82,50,19,13,113,.689,254,199,2,8,0.72,0.05,5.52,68,401,16.96,63,408,84.56,12,11,11.7,12.2,2771,9.1,2020,.905,
2,Buffalo Sabres*,27.2,82,53,22,7,113,.689,308,242,10,4,0.64,-0.16,6.71,71,407,17.44,72,386,81.35,8,13,14.4,15.1,2417,12.3,2541,.906,
3,Anaheim Ducks*,28.5,82,48,20,14,110,.671,258,208,4,10,0.67,0.06,5.68,89,398,22.36,61,410,85.12,4,4,17.4,17.6,2582,9.8,2248,.912,
4,Nashville Predators*,27.4,82,51,23,8,110,.671,272,212,6,5,0.78,0.05,5.90,71,408,17.40,55,390,85.90,8,2,14.1,15.4,2261,11.8,2561,.919,
5,Dallas Stars*,30.0,82,50,25,7,107,.652,226,197,9,4,0.44,0.08,5.16,79,427,18.50,59,377,84.35,3,6,13.5,14.7,2295,9.5,2114,.908,
6,New Jersey Devils*,29.4,82,49,24,9,107,.652,216,201,10,8,0.03,-0.15,5.09,65,367,17.71,40,271,85.24,4,11,10.0,12.1,2354,8.8,2332,.917,
7,San Jose Sharks*,26.4,82,51,26,5,107,.652,258,199,2,2,0.77,0.05,5.57,92,410,22.44,55,330,83.33,7,4,11.5,13.8,2346,10.9,2148,.908,
8,Ottawa Senators*,26.6,82,48,25,9,105,.640,288,222,2,6,0.64,-0.16,6.22,72,403,17.87,61,394,84.52,17,12,14.2,14.4,2651,10.8,2479,.913,
9,Pittsburgh Penguins*,26.0,82,47,24,11,105,.640,277,246,10,6,0.21,-0.17,6.38,94,463,20.30,75,419,82.10,14,13,14.8,16.7,2366,11.3,2529,.905,
10,Vancouver Canucks*,28.0,82,49,26,7,105,.640,222,201,5,4,0.39,0.13,5.16,70,407,17.20,57,436,86.93,5,8,14.5,13.9,2405,9.0,2398,.918,
11,Minnesota Wild*,28.2,82,48,26,8,104,.634,235,191,10,7,0.65,0.11,5.20,72,380,18.95,48,342,85.96,9,8,10.4,11.4,2431,9.3,2361,.922,
12,Atlanta Thrashers*,29.4,82,43,28,11,97,.591,246,245,7,4,-0.15,-0.16,5.99,67,407,16.46,79,391,79.80,9,10,13.1,13.7,2438,9.8,2582,.907,
13,Calgary Flames*,28.4,82,43,29,10,96,.585,258,226,3,5,0.51,0.12,5.90,73,401,18.20,81,414,80.43,15,5,14.4,14.1,2242,11.4,2502,.912,
14,Colorado Avalanche,28.4,82,44,31,7,95,.579,272,251,5,4,0.39,0.13,6.38,79,374,21.12,70,353,80.17,7,9,10.5,11.2,2603,10.3,2378,.896,
15,New York Rangers*,28.6,82,42,30,10,94,.573,242,216,9,5,0.16,-0.16,5.59,75,406,18.47,65,400,83.75,11,6,13.3,14.1,2586,9.0,2329,.909,
16,Tampa Bay Lightning*,28.2,82,44,33,5,93,.567,253,261,10,2,-0.25,-0.15,6.27,69,374,18.45,66,305,78.36,14,11,10.9,12.6,2418,10.0,2234,.884,
17,New York Islanders*,29.7,82,40,30,12,92,.561,248,240,8,5,-0.04,-0.14,5.95,63,348,18.10,79,433,81.76,7,9,12.7,10.8,2457,9.8,2671,.912,
18,Toronto Maple Leafs,27.8,82,40,31,11,91,.555,258,269,4,7,-0.21,-0.08,6.43,71,401,17.71,90,418,78.47,3,11,13.7,13.1,2681,9.5,2330,.888,
19,Montreal Canadiens,28.0,82,42,34,6,90,.549,245,256,6,5,-0.21,-0.08,6.11,86,378,22.75,69,419,83.53,17,6,13.6,13.0,2426,9.9,2685,.907,
20,Carolina Hurricanes,28.2,82,40,34,8,88,.537,241,253,0,5,-0.29,-0.15,6.02,67,447,14.99,61,395,84.56,12,8,12.3,13.8,2559,9.4,2336,.894,
21,Florida Panthers,29.1,82,35,31,16,86,.524,247,257,2,8,-0.27,-0.15,6.15,61,337,18.10,78,443,82.39,5,6,14.2,11.3,2730,9.0,2402,.896,
22,St. Louis Blues,28.9,82,34,35,13,81,.494,214,254,6,6,-0.33,0.15,5.71,46,381,12.07,83,414,79.95,7,10,14.7,13.2,2202,9.4,2369,.895,
23,Boston Bruins,27.8,82,35,41,6,76,.463,219,289,9,4,-0.87,-0.01,6.20,71,412,17.23,81,442,81.67,8,18,15.0,14.4,2370,8.9,2748,.896,
24,Columbus Blue Jackets,27.8,82,33,42,7,73,.445,201,249,5,5,-0.42,0.16,5.49,65,438,14.84,85,453,81.24,6,10,16.3,15.6,2273,8.6,2345,.896,
25,Chicago Blackhawks,27.5,82,31,42,9,71,.433,201,258,6,7,-0.52,0.17,5.60,43,364,11.81,77,443,82.62,12,6,16.0,13.5,2201,8.9,2408,.896,
26,Edmonton Oilers,28.2,82,32,43,7,71,.433,195,248,3,3,-0.43,0.22,5.40,53,373,14.21,59,382,84.55,6,4,15.4,14.4,2193,8.8,2439,.900,
27,Washington Capitals,26.9,82,28,40,14,70,.427,235,286,1,11,-0.73,-0.10,6.35,67,408,16.42,82,414,80.19,12,14,14.8,14.8,2295,10.2,2734,.899,
28,Los Angeles Kings,29.2,82,27,41,14,68,.415,227,283,4,6,-0.51,0.18,6.22,81,442,18.33,91,411,77.86,6,6,14.8,16.0,2542,8.8,2440,.886,
29,Phoenix Coyotes,28.8,82,31,46,5,67,.409,216,284,5,2,-0.64,0.19,6.10,66,400,16.50,92,425,78.35,5,13,17.3,14.9,2320,9.1,2470,.886,
30,Philadelphia Flyers,27.3,82,22,48,12,56,.341,214,303,1,6,-1.12,-0.04,6.30,53,376,14.10,65,420,84.52,15,14,15.7,13.3,2360,9.0,2673,.889,
,League Average,28.3,82,41,32,9,91,.557,242,242,,,0.00,0.00,5.89,70,398,17.58,70,398,82.42,9,9,13.8,13.8,2426,10.0,2427,.903,
