
,,,,,,,,,,,,,,,,Special Teams,Special Teams,Special Teams,Special Teams,Special Teams,Special Teams,Special Teams,Special Teams,Special Teams,Special Teams,Shot Data,Shot Data,Shot Data,Shot Data,Shot Data
Rk,,AvAge,GP,W,L,OL,PTS,PTS%,GF,GA,SOW,SOL,SRS,SOS,TG/G,PP,PPO,PP%,PPA,PPOA,PK%,SH,SHA,PIM/G,oPIM/G,S,S%,SA,SV%,PDO
1,San Jose Sharks*,28.7,82,53,18,11,117,.713,257,204,6,5,0.61,-0.04,5.62,87,360,24.17,51,304,83.22,12,11,12.6,14.0,2720,9.2,2228,.911,99.3
2,Boston Bruins*,28.4,82,53,19,10,116,.707,274,196,4,6,0.89,-0.06,5.73,74,313,23.64,54,306,82.35,8,7,12.4,12.6,2482,10.9,2524,.925,102.5
3,Detroit Red Wings*,31.2,82,51,21,10,112,.683,295,244,6,4,0.62,0.00,6.57,90,353,25.50,71,327,78.29,6,4,9.9,10.8,2965,9.7,2274,.894,99.6
4,Washington Capitals*,27.2,82,50,24,8,108,.659,272,245,4,5,0.27,-0.06,6.30,85,337,25.22,75,387,80.62,7,11,12.5,11.2,2747,9.8,2418,.901,99.5
5,New Jersey Devils*,30.3,82,51,27,4,106,.646,244,209,6,2,0.38,-0.05,5.52,58,307,18.89,65,324,79.94,12,4,12.7,12.9,2698,8.8,2415,.914,100.8
6,Chicago Blackhawks*,25.9,82,46,24,12,104,.634,264,216,4,7,0.60,0.01,5.85,70,363,19.28,64,330,80.61,10,6,13.8,15.0,2683,9.7,2344,.911,99.8
7,Vancouver Canucks*,27.9,82,45,27,10,100,.610,246,220,3,7,0.30,-0.02,5.68,67,357,18.77,69,371,81.40,7,5,16.1,16.2,2335,10.4,2392,.911,101.8
8,Pittsburgh Penguins*,26.6,82,45,28,9,99,.604,264,239,6,6,0.28,-0.02,6.13,62,360,17.22,60,347,82.71,7,13,13.5,13.8,2381,10.8,2484,.906,101.6
9,Philadelphia Flyers*,27.0,82,44,27,11,99,.604,264,238,4,6,0.28,-0.04,6.12,71,316,22.47,67,393,82.95,16,1,17.2,14.7,2441,10.7,2668,.913,100.3
10,Calgary Flames*,28.9,82,46,30,6,98,.598,254,248,3,2,0.07,0.00,6.12,61,358,17.04,58,349,83.38,6,15,15.6,15.4,2643,9.5,2441,.899,99.4
11,Carolina Hurricanes*,27.9,82,45,30,7,97,.591,239,226,3,5,0.11,-0.05,5.67,70,374,18.72,59,301,80.40,8,9,9.6,12.3,2675,8.8,2419,.909,99.3
12,New York Rangers*,27.0,82,43,30,9,95,.579,210,218,10,6,-0.10,-0.01,5.22,48,346,13.87,40,329,87.84,9,14,14.3,14.8,2658,7.5,2433,.913,98.6
13,Montreal Canadiens*,27.6,82,41,30,11,93,.567,249,247,7,7,0.02,-0.01,6.05,72,374,19.25,65,370,82.43,10,11,14.9,15.5,2461,9.8,2600,.908,100.4
14,Florida Panthers,28.6,82,41,30,11,93,.567,234,231,3,8,0.00,-0.04,5.67,51,308,16.56,54,311,82.64,7,9,10.8,11.1,2411,9.6,2843,.922,101.5
15,Columbus Blue Jackets*,25.8,82,41,31,10,92,.561,226,230,6,7,-0.01,0.04,5.56,41,322,12.73,62,346,82.08,8,12,14.7,14.0,2370,9.3,2281,.902,100.3
16,St. Louis Blues*,27.1,82,41,31,10,92,.561,233,233,6,6,0.05,0.05,5.68,72,351,20.51,58,357,83.75,10,8,15.0,15.2,2271,10.0,2341,.903,99.7
17,Buffalo Sabres,28.1,82,41,32,9,91,.555,250,234,8,5,0.18,-0.02,5.90,75,358,20.95,61,336,81.85,7,5,13.5,14.3,2505,9.7,2575,.911,100.4
18,Anaheim Ducks*,29.2,82,42,33,7,91,.555,245,238,7,3,0.09,0.00,5.89,73,309,23.62,78,385,79.74,6,8,17.3,15.0,2481,9.6,2499,.906,100.7
19,Minnesota Wild,27.7,82,40,33,9,89,.543,219,200,5,3,0.22,-0.02,5.11,66,328,20.12,36,291,87.63,9,6,10.6,11.5,2257,9.5,2518,.922,100.1
20,Nashville Predators,27.6,82,40,34,8,88,.537,213,233,6,5,-0.19,0.06,5.44,50,318,15.72,59,338,82.54,9,8,12.0,11.5,2375,8.7,2411,.905,100.0
21,Edmonton Oilers,28.8,82,38,35,9,85,.518,234,248,6,4,-0.16,0.01,5.88,60,354,16.95,76,338,77.51,3,8,15.0,15.3,2303,9.9,2668,.909,101.1
22,Dallas Stars,28.5,82,36,35,11,83,.506,230,257,6,6,-0.30,0.03,5.94,54,351,15.38,70,327,78.59,2,4,13.8,14.7,2369,9.5,2303,.891,99.6
23,Ottawa Senators,27.9,82,36,35,11,83,.506,217,237,4,6,-0.23,0.01,5.54,66,339,19.47,64,346,81.50,8,5,13.2,12.9,2405,8.9,2336,.901,99.1
24,Toronto Maple Leafs,28.0,82,34,35,13,81,.494,250,293,6,7,-0.49,0.03,6.62,62,330,18.79,78,308,74.68,6,7,13.6,14.1,2603,9.4,2480,.885,98.9
25,Phoenix Coyotes,26.6,82,36,39,7,79,.482,208,252,3,3,-0.50,0.04,5.61,50,341,14.66,68,293,76.79,5,4,13.1,14.8,2302,8.9,2591,.904,99.7
26,Los Angeles Kings,25.5,82,34,37,11,79,.482,207,234,5,8,-0.29,0.04,5.38,69,360,19.17,62,361,82.83,4,8,14.5,13.6,2383,8.5,2301,.902,98.8
27,Atlanta Thrashers,27.9,82,35,41,6,76,.463,257,280,7,1,-0.30,-0.02,6.55,69,357,19.33,88,366,75.96,13,10,15.2,14.5,2306,10.8,2683,.896,100.7
28,Colorado Avalanche,28.6,82,32,45,5,69,.421,199,257,9,4,-0.66,0.05,5.56,50,318,15.72,64,318,79.87,4,8,12.7,12.3,2359,8.1,2376,.894,98.0
29,Tampa Bay Lightning,27.4,82,24,40,18,66,.402,210,279,3,10,-0.81,0.03,5.96,61,343,17.78,89,405,78.02,4,9,15.6,13.2,2337,8.9,2701,.900,99.8
30,New York Islanders,27.7,82,26,47,9,61,.372,201,279,3,5,-0.91,0.05,5.85,54,320,16.88,73,361,79.78,12,5,14.6,13.0,2372,8.3,2751,.900,98.4
,League Average,27.9,82,41,32,9,91,.557,239,239,,,0.00,0.00,5.83,65,341,18.95,65,341,81.05,8,8,13.7,13.7,2477,9.6,2477,.906,
