
,,,,,,,,,,,,,,,,Special Teams,Special Teams,Special Teams,Special Teams,Special Teams,Special Teams,Special Teams,Special Teams,Special Teams,Special Teams,Shot Data,Shot Data,Shot Data,Shot Data,Shot Data
Rk,,AvAge,GP,W,L,OL,PTS,PTS%,GF,GA,SOW,SOL,SRS,SOS,TG/G,PP,PPO,PP%,PPA,PPOA,PK%,SH,SHA,PIM/G,oPIM/G,S,S%,SA,SV%,PDO
1,Washington Capitals*,27.2,82,54,15,13,121,.738,318,233,5,6,0.90,-0.14,6.72,79,313,25.24,67,316,78.80,4,8,11.2,11.0,2693,11.6,2535,.910,102.7
2,San Jose Sharks*,29.3,82,51,20,11,113,.689,264,215,7,6,0.65,0.05,5.84,65,309,21.04,49,324,84.88,8,9,13.9,13.0,2602,9.9,2571,.919,101.3
3,Chicago Blackhawks*,26.6,82,52,22,8,112,.683,271,209,9,6,0.77,0.02,5.85,52,294,17.69,40,266,84.96,13,4,11.1,11.5,2798,9.4,2058,.901,99.0
4,Phoenix Coyotes*,28.2,82,50,25,7,107,.652,225,202,14,6,0.34,0.06,5.21,46,314,14.65,49,317,84.54,3,6,11.0,10.7,2502,8.4,2427,.919,100.1
5,New Jersey Devils*,30.5,82,48,27,7,103,.628,222,191,6,5,0.31,-0.07,5.04,51,272,18.75,41,240,82.92,7,5,10.3,11.2,2459,8.8,2213,.916,100.2
6,Vancouver Canucks*,28.1,82,49,28,5,103,.628,272,222,4,4,0.60,-0.01,6.02,68,323,21.05,59,320,81.56,8,6,15.4,15.0,2534,10.6,2419,.910,101.5
7,Detroit Red Wings*,30.3,82,44,24,14,102,.622,229,216,6,9,0.23,0.07,5.43,59,307,19.22,43,267,83.90,8,1,8.6,9.7,2737,8.1,2413,.914,98.9
8,Los Angeles Kings*,26.2,82,46,27,9,101,.616,241,219,10,8,0.32,0.05,5.61,64,307,20.85,60,304,80.26,4,6,11.7,12.4,2389,9.7,2260,.907,99.9
9,Pittsburgh Penguins*,27.8,82,47,28,7,101,.616,257,237,8,2,0.17,-0.07,6.02,56,326,17.18,52,327,84.10,7,8,14.4,14.4,2688,9.3,2350,.900,99.6
10,Nashville Predators*,27.6,82,47,29,6,100,.610,225,225,8,4,0.06,0.06,5.49,47,286,16.43,59,258,77.13,5,5,8.5,9.8,2508,8.7,2396,.908,100.0
11,Buffalo Sabres*,27.8,82,45,27,10,100,.610,235,207,4,6,0.26,-0.08,5.39,55,313,17.57,38,284,86.62,4,3,11.0,11.4,2588,8.9,2573,.922,100.2
12,Colorado Avalanche*,26.4,82,43,30,9,95,.579,244,233,7,5,0.16,0.02,5.82,56,310,18.06,60,303,80.20,8,9,12.2,13.3,2287,10.4,2629,.913,101.3
13,Ottawa Senators*,27.9,82,44,32,6,94,.573,225,238,5,5,-0.22,-0.06,5.65,49,290,16.90,50,318,84.28,5,4,13.6,13.0,2436,9.0,2340,.900,98.0
14,Boston Bruins*,28.1,82,39,30,13,91,.555,206,200,10,9,0.01,-0.06,4.95,44,265,16.60,37,272,86.40,6,3,11.3,11.4,2599,7.5,2444,.922,99.4
15,Calgary Flames,28.8,82,40,32,10,90,.549,204,210,3,7,-0.03,0.04,5.05,43,268,16.04,54,305,82.30,7,1,13.8,13.0,2350,8.6,2372,.914,99.8
16,St. Louis Blues,27.9,82,40,32,10,90,.549,225,223,7,5,0.08,0.06,5.46,53,308,17.21,45,342,86.84,6,6,15.8,15.7,2445,8.9,2473,.912,100.0
17,Anaheim Ducks,27.9,82,39,32,11,89,.543,238,251,5,8,-0.07,0.09,5.96,63,300,21.00,67,323,79.26,8,9,16.1,15.5,2472,9.4,2736,.911,100.8
18,Dallas Stars,28.3,82,37,31,14,88,.537,237,254,7,10,-0.12,0.09,5.99,61,328,18.60,65,288,77.43,8,8,11.6,12.3,2523,9.1,2559,.905,100.0
19,Philadelphia Flyers*,27.7,82,41,35,6,88,.537,236,225,4,3,0.08,-0.06,5.62,68,318,21.38,57,334,82.93,5,7,16.5,15.2,2589,9.0,2346,.905,99.5
20,Montreal Canadiens*,27.5,82,39,33,10,88,.537,217,223,7,5,-0.14,-0.07,5.37,57,261,21.84,53,311,82.96,3,8,11.2,11.0,2345,9.0,2634,.917,100.4
21,New York Rangers,26.8,82,38,33,11,87,.530,222,218,3,4,0.00,-0.05,5.37,55,301,18.27,50,318,84.28,5,6,13.9,13.0,2425,9.0,2450,.913,100.3
22,Minnesota Wild,28.6,82,38,36,8,84,.512,219,246,5,7,-0.26,0.07,5.67,59,309,19.09,53,306,82.68,3,13,11.1,10.9,2266,9.4,2415,.901,99.9
23,Atlanta Thrashers,27.5,82,35,34,13,83,.506,234,256,4,6,-0.33,-0.06,5.98,51,316,16.14,57,320,82.19,9,4,12.7,12.8,2409,9.5,2716,.908,100.5
24,Carolina Hurricanes,28.9,82,35,37,10,80,.488,230,256,4,5,-0.37,-0.05,5.93,56,329,17.02,62,320,80.63,7,8,11.5,11.5,2402,9.4,2574,.902,99.6
25,Tampa Bay Lightning,27.0,82,34,36,12,80,.488,217,260,4,7,-0.56,-0.03,5.82,63,326,19.33,67,336,80.06,2,6,16.5,15.7,2367,9.0,2575,.902,99.4
26,New York Islanders,28.3,82,34,37,11,79,.482,222,264,8,6,-0.53,-0.02,5.93,49,306,16.01,71,300,76.33,7,3,11.3,11.9,2493,8.6,2619,.901,99.2
27,Columbus Blue Jackets,26.1,82,32,35,15,79,.482,216,259,2,10,-0.42,0.11,5.79,56,308,18.18,61,334,81.74,6,8,13.0,12.5,2338,9.2,2514,.901,99.0
28,Florida Panthers,28.1,82,32,37,13,77,.470,208,244,6,10,-0.47,-0.03,5.51,44,309,14.24,59,286,79.37,7,8,11.7,12.6,2331,8.7,2800,.916,100.8
29,Toronto Maple Leafs,27.0,82,30,38,14,74,.451,214,267,4,4,-0.68,-0.03,5.87,44,315,13.97,73,288,74.65,4,6,13.1,13.2,2671,7.9,2440,.892,98.9
30,Edmonton Oilers,27.1,82,27,47,8,62,.378,214,284,8,6,-0.76,0.09,6.07,52,301,17.28,67,305,78.03,6,5,13.6,13.3,2321,8.9,2716,.898,99.3
,League Average,27.9,82,41,31,10,92,.561,233,233,,,0.00,0.00,5.68,56,304,18.23,56,304,81.77,6,6,12.6,12.6,2486,9.4,2486,.909,
