
,,,,,,,,,,,,,,,,Special Teams,Special Teams,Special Teams,Special Teams,Special Teams,Special Teams,Special Teams,Special Teams,Special Teams,Special Teams,Shot Data,Shot Data,Shot Data,Shot Data,Shot Data
Rk,,AvAge,GP,W,L,OL,PTS,PTS%,GF,GA,SOW,SOL,SRS,SOS,TG/G,PP,PPO,PP%,PPA,PPOA,PK%,SH,SHA,PIM/G,oPIM/G,S,S%,SA,SV%,PDO
1,Vancouver Canucks*,28.5,82,51,22,9,111,.677,249,198,8,7,0.57,-0.05,5.45,57,288,19.79,40,286,86.01,7,4,12.7,12.1,2583,9.3,2526,.924,101.2
2,New York Rangers*,26.5,82,51,24,7,109,.665,226,187,4,5,0.46,-0.02,5.04,44,280,15.71,36,260,86.15,8,4,12.7,14.2,2338,9.5,2281,.920,100.9
3,St. Louis Blues*,26.5,82,49,22,11,109,.665,210,165,4,10,0.54,-0.01,4.57,45,269,16.73,40,282,85.82,7,3,12.8,12.0,2511,8.2,2190,.929,100.7
4,Pittsburgh Penguins*,28.5,82,51,25,6,108,.659,282,221,9,3,0.71,-0.03,6.13,57,289,19.72,33,270,87.78,11,10,10.6,12.1,2779,9.8,2247,.903,99.8
5,Nashville Predators*,26.8,82,48,26,8,104,.634,237,210,5,5,0.34,0.01,5.45,54,250,21.60,40,244,83.61,5,4,8.3,8.1,2261,10.3,2522,.919,101.0
6,Philadelphia Flyers*,27.3,82,47,26,9,103,.628,264,232,4,7,0.39,0.00,6.05,66,335,19.70,58,319,81.82,6,9,15.9,16.1,2641,9.8,2329,.903,100.4
7,Detroit Red Wings*,30.0,82,48,28,6,102,.622,248,203,9,3,0.55,0.00,5.50,48,298,16.11,50,274,81.75,2,11,8.2,10.1,2638,9.1,2212,.910,101.2
8,New Jersey Devils*,30.1,82,48,28,6,102,.622,228,209,12,4,0.23,0.00,5.33,46,267,17.23,27,259,89.58,15,13,11.3,10.5,2253,9.6,2199,.907,99.7
9,Boston Bruins*,28.8,82,49,29,4,102,.622,269,202,9,3,0.75,-0.07,5.74,43,250,17.20,43,260,83.46,8,1,13.3,11.6,2653,9.8,2441,.918,101.2
10,Chicago Blackhawks*,27.0,82,45,26,11,101,.616,248,238,7,7,0.14,0.02,5.93,42,277,15.16,51,233,78.11,7,3,10.1,11.2,2583,9.3,2343,.901,99.2
11,Phoenix Coyotes*,28.9,82,42,27,13,97,.591,216,204,6,10,0.16,0.01,5.12,34,251,13.55,36,249,85.54,6,6,9.0,9.4,2428,8.6,2592,.925,100.9
12,San Jose Sharks*,28.1,82,43,29,10,96,.585,228,210,9,5,0.22,0.00,5.34,57,270,21.11,52,225,76.89,3,4,9.4,11.1,2773,7.9,2342,.912,99.6
13,Los Angeles Kings*,26.7,82,40,27,15,95,.579,194,179,6,9,0.19,0.01,4.55,49,289,16.96,38,293,87.03,9,2,11.2,11.0,2509,7.5,2248,.924,99.1
14,Florida Panthers*,29.0,82,38,26,18,94,.573,203,227,6,11,-0.33,-0.03,5.24,53,286,18.53,49,239,79.50,4,6,9.3,10.8,2433,8.1,2505,.914,99.4
15,Ottawa Senators*,27.8,82,41,31,10,92,.561,249,240,6,4,0.09,-0.02,5.96,49,270,18.15,57,310,81.61,9,7,13.7,12.0,2574,9.4,2627,.910,100.1
16,Washington Capitals*,27.6,82,42,32,8,92,.561,222,230,4,4,-0.13,-0.03,5.51,41,245,16.73,49,266,81.58,3,10,9.2,8.3,2295,9.5,2475,.909,100.4
17,Calgary Flames,29.6,82,37,29,16,90,.549,202,226,3,9,-0.28,0.01,5.22,46,260,17.69,42,268,84.33,3,6,10.5,10.2,2258,8.8,2528,.914,100.3
18,Dallas Stars,28.4,82,42,35,5,89,.543,211,222,7,4,-0.10,0.03,5.28,33,244,13.52,52,303,82.84,5,3,12.3,10.7,2314,8.8,2527,.914,99.8
19,Buffalo Sabres,27.0,82,39,32,11,89,.543,218,230,7,7,-0.15,0.00,5.46,44,258,17.05,47,257,81.71,5,7,10.8,11.9,2397,8.8,2571,.913,100.6
20,Colorado Avalanche,25.9,82,41,35,6,88,.537,208,220,9,2,-0.13,0.01,5.22,41,223,18.39,47,277,83.03,5,4,10.9,9.3,2583,7.7,2426,.910,99.2
21,Tampa Bay Lightning,29.5,82,38,36,8,84,.512,235,281,3,3,-0.57,-0.01,6.29,41,269,15.24,59,284,79.23,2,12,10.4,10.0,2227,10.4,2501,.889,100.1
22,Winnipeg Jets,26.2,82,37,35,10,84,.512,225,246,4,4,-0.30,-0.04,5.74,45,251,17.93,58,292,80.14,3,8,11.0,9.5,2471,8.9,2470,.902,99.8
23,Carolina Hurricanes,26.5,82,33,33,16,82,.500,213,243,1,6,-0.39,-0.02,5.56,49,294,16.67,49,252,80.56,12,4,9.2,10.7,2497,8.5,2653,.911,99.5
24,Minnesota Wild,27.4,82,35,36,11,81,.494,177,226,11,9,-0.58,0.02,4.91,39,258,15.12,51,285,82.11,5,4,11.9,12.0,2174,7.6,2570,.916,98.9
25,Anaheim Ducks,28.5,82,34,36,12,80,.488,204,231,3,7,-0.29,0.04,5.30,45,271,16.61,51,283,81.98,4,5,11.7,11.1,2291,8.8,2367,.905,99.6
26,Toronto Maple Leafs,25.9,82,35,37,10,80,.488,231,264,4,5,-0.38,0.02,6.04,49,267,18.35,55,242,77.27,5,6,9.9,10.3,2322,9.8,2528,.898,99.5
27,New York Islanders,27.8,82,34,37,11,79,.482,203,255,7,4,-0.58,0.05,5.59,45,243,18.52,46,236,80.51,4,5,9.2,8.7,2410,8.1,2469,.898,98.2
28,Montreal Canadiens,26.8,82,31,35,16,78,.476,212,226,5,12,-0.17,0.00,5.34,43,301,14.29,36,315,88.57,10,8,11.4,11.8,2340,8.8,2432,.912,100.4
29,Edmonton Oilers,27.4,82,32,40,10,74,.451,212,239,5,7,-0.32,0.01,5.50,54,262,20.61,52,296,82.43,5,8,11.2,9.8,2186,9.5,2518,.908,100.1
30,Columbus Blue Jackets,26.7,82,29,46,7,65,.396,202,262,4,5,-0.65,0.08,5.66,49,317,15.46,64,274,76.64,7,8,12.5,13.8,2454,8.1,2537,.899,99.2
,League Average,27.7,82,41,31,10,92,.561,224,224,,,0.00,0.00,5.47,47,271,17.31,47,271,82.69,6,6,11.0,11.0,2439,9.2,2439,.911,
