
,,,,,,,,,,,,,,,,Special Teams,Special Teams,Special Teams,Special Teams,Special Teams,Special Teams,Special Teams,Special Teams,Special Teams,Special Teams,Shot Data,Shot Data,Shot Data,Shot Data,Shot Data
Rk,,AvAge,GP,W,L,OL,PTS,PTS%,GF,GA,SOW,SOL,SRS,SOS,TG/G,PP,PPO,PP%,PPA,PPOA,PK%,SH,SHA,PIM/G,oPIM/G,S,S%,SA,SV%,PDO
1,Boston Bruins*,27.6,82,54,19,9,117,.713,261,177,3,6,0.92,-0.11,5.34,50,230,21.74,43,263,83.65,9,6,10.7,10.0,2612,9.9,2385,.928,102.1
2,Anaheim Ducks*,27.7,82,54,20,8,116,.707,266,209,3,6,0.68,-0.01,5.79,44,275,16.00,48,270,82.22,10,8,10.8,12.4,2569,10.2,2353,.914,102.0
3,Colorado Avalanche*,26.9,82,52,22,8,112,.683,250,220,5,4,0.40,0.04,5.73,50,252,19.84,48,249,80.72,3,1,10.6,10.3,2420,10.1,2678,.919,101.5
4,San Jose Sharks*,28.7,82,51,22,9,111,.677,249,200,10,7,0.60,0.00,5.48,50,291,17.18,33,219,84.93,8,6,8.9,11.0,2851,8.4,2281,.915,99.7
5,St. Louis Blues*,27.4,82,52,23,7,111,.677,248,191,9,3,0.71,0.01,5.35,56,283,19.79,42,293,85.67,6,6,14.0,14.1,2402,10.0,2163,.913,100.6
6,Pittsburgh Penguins*,28.3,82,51,24,7,109,.665,249,207,7,3,0.47,-0.04,5.56,65,278,23.38,38,254,85.04,4,6,10.0,10.8,2454,9.9,2358,.913,100.1
7,Chicago Blackhawks*,27.5,82,46,21,15,107,.652,267,220,6,8,0.60,0.02,5.94,50,257,19.46,46,248,81.45,9,6,8.3,8.4,2715,9.6,2229,.905,99.9
8,Tampa Bay Lightning*,27.1,82,46,27,9,101,.616,240,215,8,6,0.25,-0.06,5.55,50,270,18.52,52,270,80.74,10,8,10.0,10.1,2446,9.5,2397,.913,100.5
9,Montreal Canadiens*,28.3,82,46,28,8,100,.610,215,204,6,3,0.08,-0.05,5.11,48,279,17.20,43,289,85.12,6,8,12.7,12.6,2330,9.0,2541,.921,100.5
10,Los Angeles Kings*,27.4,82,46,28,8,100,.610,206,174,8,6,0.40,0.01,4.63,43,284,15.14,50,296,83.11,5,6,10.6,10.9,2595,7.6,2148,.922,100.1
11,Minnesota Wild*,27.2,82,43,27,12,98,.598,207,206,8,8,0.07,0.05,5.04,45,252,17.86,53,250,78.80,4,8,9.4,9.9,2180,9.1,2273,.913,101.0
12,New York Rangers*,27.4,82,45,31,6,96,.585,218,193,4,3,0.26,-0.04,5.01,48,264,18.18,34,232,85.34,10,7,9.9,10.2,2719,7.9,2412,.921,99.8
13,Philadelphia Flyers*,27.7,82,42,30,10,94,.573,236,235,3,8,-0.01,-0.02,5.74,58,294,19.73,48,316,84.81,8,11,14.3,13.4,2490,9.4,2508,.909,100.2
14,Detroit Red Wings*,28.6,82,39,28,15,93,.567,222,230,5,9,-0.14,-0.04,5.51,50,282,17.73,50,295,83.05,3,5,8.6,8.5,2456,8.8,2400,.908,100.2
15,Columbus Blue Jackets*,26.1,82,43,32,7,93,.567,231,216,5,2,0.16,-0.03,5.45,54,280,19.29,50,280,82.14,9,8,11.0,10.8,2431,9.3,2524,.915,100.7
16,Dallas Stars*,28.2,82,40,31,11,91,.555,235,228,4,5,0.14,0.05,5.65,46,290,15.86,49,263,81.37,8,5,10.8,11.4,2597,8.9,2492,.911,100.3
17,Washington Capitals,26.5,82,38,30,14,90,.549,235,240,10,11,-0.08,-0.02,5.79,68,291,23.37,51,284,82.04,5,10,11.5,12.1,2412,9.3,2750,.917,100.2
18,Phoenix Coyotes,28.7,82,37,30,15,89,.543,216,231,6,7,-0.16,0.03,5.45,56,282,19.86,57,272,79.04,3,5,9.7,9.7,2497,8.4,2540,.912,100.2
19,Nashville Predators,26.7,82,38,32,12,88,.537,216,242,2,9,-0.25,0.07,5.59,46,239,19.25,47,238,80.25,2,0,9.6,9.1,2382,9.0,2370,.902,99.2
20,New Jersey Devils,30.6,82,35,29,18,88,.537,197,208,0,13,-0.15,-0.02,4.94,47,241,19.50,36,264,86.36,9,4,7.7,8.1,2199,9.0,2089,.907,98.8
21,Ottawa Senators,26.6,82,37,31,14,88,.537,236,265,7,7,-0.37,-0.02,6.11,50,271,18.45,61,320,80.94,5,10,13.2,11.8,2691,8.5,2849,.909,99.6
22,Winnipeg Jets,26.3,82,37,35,10,84,.512,227,237,8,6,-0.07,0.06,5.66,40,259,15.44,49,291,83.16,5,6,11.6,10.4,2516,8.7,2472,.907,99.4
23,Toronto Maple Leafs,26.2,82,38,36,8,84,.512,231,256,9,4,-0.34,-0.04,5.94,50,252,19.84,58,268,78.36,7,12,12.6,11.7,2290,9.7,2945,.914,101.0
24,Carolina Hurricanes,27.0,82,36,35,11,83,.506,207,230,2,4,-0.29,-0.01,5.33,41,281,14.59,44,241,81.74,11,8,7.8,8.8,2561,8.0,2537,.911,99.4
25,Vancouver Canucks,28.6,82,36,35,11,83,.506,196,223,5,7,-0.30,0.03,5.11,39,257,15.18,46,274,83.21,6,4,13.4,11.9,2527,7.6,2327,.907,99.4
26,New York Islanders,26.2,82,34,37,11,79,.482,225,267,9,6,-0.51,0.00,6.00,49,276,17.75,58,265,78.11,8,7,12.3,11.4,2537,8.5,2464,.894,98.6
27,Calgary Flames,26.7,82,35,40,7,77,.470,209,241,7,3,-0.35,0.04,5.49,39,249,15.66,43,235,81.70,12,7,10.3,10.4,2199,9.2,2345,.899,98.9
28,Edmonton Oilers,26.5,82,29,44,9,67,.409,203,270,4,3,-0.75,0.07,5.77,46,271,16.97,50,280,82.14,4,13,11.5,11.7,2208,9.0,2696,.901,99.2
29,Florida Panthers,29.0,82,29,45,8,66,.402,196,268,8,6,-0.87,0.01,5.66,27,269,10.04,63,262,75.95,8,6,10.2,10.8,2451,7.7,2551,.897,98.5
30,Buffalo Sabres,26.6,82,21,51,10,52,.317,157,248,7,5,-1.09,0.02,4.94,36,256,14.06,51,274,81.39,5,5,10.8,10.3,2156,7.0,2816,.914,98.4
,League Average,27.5,82,41,31,10,92,.562,225,225,,,0.00,0.00,5.49,48,269,17.89,48,269,82.11,7,7,10.8,10.8,2463,9.1,2463,.911,
