
,,,,,,,,,,,,,,,,Special Teams,Special Teams,Special Teams,Special Teams,Special Teams,Special Teams,Special Teams,Special Teams,Special Teams,Special Teams,Shot Data,Shot Data,Shot Data,Shot Data,Shot Data
Rk,,AvAge,GP,W,L,OL,PTS,PTS%,GF,GA,SOW,SOL,SRS,SOS,TG/G,PP,PPO,PP%,PPA,PPOA,PK%,SH,SHA,PIM/G,oPIM/G,S,S%,SA,SV%,PDO
1,Detroit Red Wings*,32.1,82,54,21,7,115,.701,257,184,5,5,0.93,0.04,5.38,81,391,20.72,57,357,84.03,5,7,11.4,12.5,2820,8.9,1930,.907,100.0
2,San Jose Sharks*,27.7,82,49,23,10,108,.659,222,193,6,6,0.47,0.12,5.06,70,374,18.72,44,310,85.81,7,9,12.9,15.5,2428,8.9,1981,.906,99.1
3,Montreal Canadiens*,27.6,82,47,25,10,104,.634,262,222,5,6,0.35,-0.14,5.90,90,374,24.06,60,342,82.46,8,3,13.1,13.9,2382,10.8,2589,.917,101.3
4,Pittsburgh Penguins*,26.9,82,47,27,8,102,.622,247,216,7,4,0.24,-0.14,5.65,77,378,20.37,68,357,80.95,6,10,14.1,14.9,2268,10.6,2523,.916,101.9
5,Anaheim Ducks*,29.7,82,47,27,8,102,.622,205,191,8,7,0.30,0.13,4.83,60,361,16.62,69,408,83.09,8,7,17.9,16.7,2241,8.8,2299,.920,100.8
6,New Jersey Devils*,29.2,82,46,29,7,99,.604,206,197,8,4,0.00,-0.11,4.91,50,320,15.63,54,314,82.80,6,7,11.7,11.8,2362,8.4,2257,.914,99.7
7,Minnesota Wild*,27.7,82,44,28,10,98,.598,223,218,3,8,0.16,0.10,5.38,64,338,18.93,49,330,85.15,3,10,13.2,13.9,2218,9.9,2469,.915,100.7
8,New York Rangers*,27.4,82,42,27,13,97,.591,213,199,8,9,0.05,-0.12,5.02,61,370,16.49,53,343,84.55,4,6,13.9,14.1,2579,7.9,2124,.911,99.8
9,Dallas Stars*,29.0,82,45,30,7,97,.591,242,207,5,3,0.54,0.11,5.48,64,354,18.08,51,354,85.59,13,8,14.2,14.5,2187,10.8,2137,.905,100.3
10,Philadelphia Flyers*,28.1,82,42,29,11,95,.579,248,233,3,6,0.06,-0.12,5.87,84,385,21.82,65,388,83.25,13,6,17.8,17.1,2358,10.4,2609,.913,100.4
11,Colorado Avalanche*,28.5,82,44,31,7,95,.579,231,219,7,3,0.24,0.09,5.49,49,335,14.63,56,301,81.40,2,5,11.9,12.7,2349,9.5,2237,.903,100.7
12,Ottawa Senators*,28.5,82,43,31,8,94,.573,261,247,3,5,0.06,-0.11,6.20,60,328,18.29,72,380,81.05,18,6,14.1,13.1,2471,10.4,2456,.901,100.5
13,Boston Bruins*,28.1,82,41,29,12,94,.573,212,222,6,7,-0.20,-0.08,5.29,56,319,17.55,71,332,78.61,9,6,12.8,12.6,2339,8.8,2495,.914,100.4
14,Calgary Flames*,29.5,82,42,30,10,94,.573,229,227,3,3,0.13,0.10,5.56,59,352,16.76,72,389,81.49,9,8,16.2,15.0,2316,9.8,2335,.904,100.6
15,Washington Capitals*,27.3,82,43,31,8,94,.573,242,231,4,4,-0.06,-0.19,5.77,65,346,18.79,68,349,80.52,5,8,11.6,11.7,2538,9.4,2259,.900,99.3
16,Carolina Hurricanes,29.3,82,43,33,6,92,.561,252,249,2,3,-0.15,-0.18,6.11,79,420,18.81,75,355,78.87,4,13,14.2,16.5,2669,9.4,2368,.896,99.7
17,Nashville Predators*,28.1,82,41,32,9,91,.555,230,229,3,5,0.13,0.12,5.60,53,358,14.80,49,335,85.37,7,10,12.4,13.3,2425,9.4,2440,.908,100.2
18,Buffalo Sabres,26.8,82,39,31,12,90,.549,255,242,4,9,0.05,-0.11,6.06,66,366,18.03,56,333,83.18,9,8,12.1,13.2,2478,10.1,2326,.900,100.3
19,Vancouver Canucks,28.1,82,39,33,10,88,.537,213,215,6,9,0.08,0.11,5.22,63,369,17.07,64,368,82.61,8,7,17.8,18.4,2252,9.2,2367,.913,100.4
20,Chicago Blackhawks,26.8,82,40,34,8,88,.537,239,235,5,4,0.16,0.12,5.78,58,365,15.89,69,385,82.08,17,6,16.7,16.0,2298,10.2,2346,.902,100.6
21,Edmonton Oilers,27.1,82,41,35,6,88,.537,235,251,15,4,-0.07,0.12,5.93,57,344,16.57,56,366,84.70,7,10,14.0,13.8,2156,10.2,2573,.904,99.9
22,Florida Panthers,28.1,82,38,35,9,85,.518,216,226,5,6,-0.29,-0.17,5.39,60,313,19.17,66,374,82.35,4,3,12.2,11.6,2549,8.3,2752,.920,100.3
23,Phoenix Coyotes,26.5,82,38,37,7,83,.506,214,231,5,6,-0.04,0.17,5.43,63,339,18.58,64,332,80.72,11,12,14.3,13.4,2500,8.4,2518,.911,99.5
24,Toronto Maple Leafs,28.4,82,36,35,11,83,.506,231,260,3,4,-0.42,-0.06,5.99,61,343,17.78,77,352,78.13,4,10,13.2,12.0,2542,9.0,2402,.893,98.9
25,Columbus Blue Jackets,27.2,82,34,36,12,80,.488,193,218,3,8,-0.16,0.15,5.01,53,356,14.89,63,378,83.33,8,5,15.9,15.1,2381,8.0,2249,.907,98.7
26,St. Louis Blues,28.4,82,33,36,13,79,.482,205,237,3,5,-0.24,0.16,5.39,47,334,14.07,56,359,84.40,3,13,13.9,13.3,2141,9.4,2249,.897,99.9
27,New York Islanders,28.3,82,35,38,9,79,.482,194,243,5,3,-0.65,-0.05,5.33,48,330,14.55,68,375,81.87,10,15,12.5,11.5,2431,7.8,2488,.904,99.1
28,Atlanta Thrashers,29.3,82,34,40,8,76,.463,216,272,9,6,-0.80,-0.12,5.95,52,316,16.46,75,354,78.81,13,10,12.9,11.3,2115,9.8,2782,.904,100.0
29,Los Angeles Kings,27.7,82,32,43,7,71,.433,231,266,5,3,-0.24,0.19,6.06,64,367,17.44,68,309,77.99,11,4,11.3,12.5,2349,9.6,2625,.900,99.5
30,Tampa Bay Lightning,27.9,82,31,42,9,71,.433,223,267,2,1,-0.67,-0.13,5.98,57,296,19.26,56,312,82.05,7,7,12.5,10.8,2354,9.4,2311,.885,98.0
,League Average,28.2,82,41,32,9,91,.555,228,228,,,0.00,0.00,5.57,62,351,17.75,62,351,82.25,8,8,13.7,13.7,2383,9.6,2383,.906,
