
,,,,,,,,,,,,,,,,Special Teams,Special Teams,Special Teams,Special Teams,Special Teams,Special Teams,Special Teams,Special Teams,Special Teams,Special Teams,Shot Data,Shot Data,Shot Data,Shot Data,Shot Data
Rk,,AvAge,GP,W,L,OL,PTS,PTS%,GF,GA,SOW,SOL,SRS,SOS,TG/G,PP,PPO,PP%,PPA,PPOA,PK%,SH,SHA,PIM/G,oPIM/G,S,S%,SA,SV%,PDO
1,Vancouver Canucks*,28.1,82,54,19,9,117,.713,262,185,4,5,0.87,-0.07,5.45,72,296,24.32,45,312,85.58,6,2,11.4,11.1,2624,9.8,2470,.927,101.3
2,Washington Capitals*,25.9,82,48,23,11,107,.652,224,197,5,6,0.27,-0.06,5.13,46,263,17.49,43,299,85.62,7,5,11.0,10.5,2566,8.5,2375,.920,100.2
3,Philadelphia Flyers*,27.6,82,47,23,12,106,.646,259,223,3,7,0.40,-0.04,5.88,49,295,16.61,54,313,82.75,13,5,13.5,13.1,2605,9.8,2471,.913,101.1
4,Pittsburgh Penguins*,27.4,82,49,25,8,106,.646,238,199,10,3,0.43,-0.05,5.33,49,311,15.76,45,324,86.11,13,6,16.7,16.2,2581,8.8,2352,.917,100.1
5,San Jose Sharks*,27.9,82,48,25,9,105,.640,248,213,5,5,0.44,0.02,5.62,68,290,23.45,56,273,79.49,6,7,11.2,11.7,2832,8.6,2368,.912,100.2
6,Detroit Red Wings*,30.7,82,47,25,10,104,.634,261,241,4,4,0.27,0.03,6.12,67,301,22.26,53,300,82.33,5,7,9.1,9.3,2757,9.3,2514,.906,99.6
7,Tampa Bay Lightning*,29.0,82,46,25,11,103,.628,247,240,6,6,0.04,-0.05,5.94,69,336,20.54,49,302,83.77,1,16,10.7,11.5,2605,9.3,2354,.901,99.2
8,Boston Bruins*,28.3,82,46,25,11,103,.628,246,195,2,6,0.56,-0.07,5.38,43,266,16.17,46,265,82.64,11,5,13.5,13.6,2696,9.1,2682,.930,102.1
9,Phoenix Coyotes*,29.0,82,43,26,13,99,.604,231,226,5,6,0.11,0.05,5.57,46,289,15.92,64,296,78.38,5,6,10.4,10.1,2486,9.1,2673,.918,101.1
10,Nashville Predators*,26.7,82,44,27,11,99,.604,219,194,6,4,0.31,0.01,5.04,41,269,15.24,41,272,84.93,5,2,8.5,8.3,2361,9.0,2510,.924,101.5
11,Anaheim Ducks*,28.9,82,47,30,5,99,.604,239,235,4,2,0.09,0.05,5.78,67,285,23.51,57,305,81.31,7,7,14.1,13.2,2334,10.1,2648,.912,100.1
12,Los Angeles Kings*,26.3,82,46,30,6,98,.598,219,198,10,2,0.29,0.03,5.09,47,291,16.15,40,276,85.51,4,6,11.4,11.6,2363,8.8,2288,.914,100.4
13,Chicago Blackhawks*,26.7,82,44,29,9,97,.591,258,225,6,5,0.41,0.01,5.89,64,277,23.10,53,255,79.22,6,4,8.8,9.2,2637,9.6,2354,.907,100.0
14,Montreal Canadiens*,27.6,82,44,30,8,96,.585,216,209,3,3,0.05,-0.04,5.18,57,290,19.66,51,327,84.40,5,6,13.0,12.9,2602,8.2,2537,.919,99.7
15,Buffalo Sabres*,27.5,82,43,29,10,96,.585,245,229,5,1,0.15,-0.04,5.78,54,279,19.35,51,300,83.00,2,13,11.5,11.1,2690,8.9,2514,.909,100.2
16,Dallas Stars,28.0,82,42,29,11,95,.579,227,233,5,7,-0.02,0.05,5.61,55,306,17.97,55,277,80.14,10,15,12.8,13.5,2269,9.8,2504,.910,101.0
17,Calgary Flames,30.0,82,41,29,12,94,.573,250,237,9,7,0.14,-0.02,5.94,62,318,19.50,53,282,81.21,7,9,10.0,10.9,2501,9.6,2338,.902,100.1
18,New York Rangers*,26.2,82,44,33,5,93,.567,233,198,9,3,0.37,-0.06,5.26,49,290,16.90,42,257,83.66,11,5,12.9,14.4,2453,9.1,2410,.919,100.6
19,Carolina Hurricanes,26.6,82,40,31,11,91,.555,236,239,5,5,-0.08,-0.04,5.79,55,346,15.90,51,272,81.25,7,6,10.0,12.5,2517,9.2,2725,.914,100.4
20,St. Louis Blues,25.7,82,38,33,11,87,.530,240,234,4,6,0.11,0.04,5.78,52,279,18.64,51,279,81.72,7,1,14.7,15.2,2475,9.5,2274,.900,99.5
21,Minnesota Wild,28.9,82,39,35,8,86,.524,206,233,3,5,-0.30,0.03,5.35,53,292,18.15,53,309,82.85,7,7,11.8,12.0,2148,9.5,2625,.913,100.3
22,Toronto Maple Leafs,25.7,82,37,34,11,85,.518,218,251,5,6,-0.41,0.00,5.72,52,326,15.95,62,275,77.45,5,8,11.8,13.5,2360,9.0,2540,.904,100.5
23,New Jersey Devils,29.9,82,38,39,5,81,.494,174,209,3,2,-0.41,0.02,4.67,34,237,14.35,40,241,83.40,3,8,9.1,9.5,2344,7.3,2152,.904,98.1
24,Columbus Blue Jackets,26.8,82,34,35,13,81,.494,215,258,5,8,-0.45,0.08,5.77,42,301,13.95,62,314,80.25,6,11,13.4,13.5,2506,8.4,2447,.898,98.9
25,Atlanta Thrashers,26.1,82,34,36,12,80,.488,223,269,5,7,-0.57,-0.01,6.00,53,289,18.34,64,285,77.54,6,10,11.1,10.5,2581,8.4,2638,.901,99.0
26,Ottawa Senators,28.1,82,32,40,10,74,.451,192,250,2,5,-0.69,0.02,5.39,45,257,17.51,48,295,83.73,6,4,13.9,11.6,2381,8.0,2559,.904,97.9
27,New York Islanders,26.2,82,30,39,13,73,.445,229,264,4,6,-0.42,0.01,6.01,52,302,17.22,52,310,83.23,15,7,18.2,16.1,2408,9.3,2620,.902,99.2
28,Florida Panthers,28.3,82,30,40,12,72,.439,195,229,4,7,-0.43,-0.01,5.17,35,267,13.11,41,267,84.64,4,5,8.5,8.9,2493,7.7,2609,.915,99.2
29,Colorado Avalanche,25.9,82,30,44,8,68,.415,227,288,6,1,-0.70,0.05,6.28,49,265,18.49,75,314,76.11,8,11,12.9,11.5,2394,9.2,2609,.890,99.4
30,Edmonton Oilers,26.2,82,25,45,12,62,.378,193,269,2,9,-0.87,0.06,5.63,44,304,14.47,74,321,76.95,8,2,15.2,14.4,2188,8.7,2597,.900,98.9
,League Average,27.5,82,41,31,10,92,.560,229,229,,,0.00,0.00,5.59,52,291,18.02,52,291,81.98,7,7,12.0,12.0,2492,9.2,2492,.910,
