
,,,,,,,,,,,,,,,,Special Teams,Special Teams,Special Teams,Special Teams,Special Teams,Special Teams,Special Teams,Special Teams,Special Teams,Special Teams,Shot Data,Shot Data,Shot Data,Shot Data,Shot Data
Rk,,AvAge,GP,W,L,OL,PTS,PTS%,GF,GA,SOW,SOL,SRS,SOS,TG/G,PP,PPO,PP%,PPA,PPOA,PK%,SH,SHA,PIM/G,oPIM/G,S,S%,SA,SV%,PDO
1,Chicago Blackhawks*,26.8,48,36,7,5,77,.802,155,102,6,5,1.04,-0.07,5.35,25,150,16.67,18,141,87.23,5,5,9.1,9.8,1494,10.0,1258,.923,101.7
2,Pittsburgh Penguins*,29.0,48,36,12,0,72,.750,165,119,3,0,0.91,-0.05,5.92,42,170,24.71,34,167,79.64,2,3,11.5,12.0,1438,11.3,1403,.915,102.5
3,Anaheim Ducks*,28.8,48,30,12,6,66,.688,140,118,6,3,0.43,-0.02,5.38,29,135,21.48,30,162,81.48,5,5,10.9,9.4,1347,9.9,1340,.914,101.5
4,Montreal Canadiens*,27.8,48,29,14,5,63,.656,149,126,3,2,0.46,-0.02,5.73,42,203,20.69,35,173,79.77,0,2,13.0,14.6,1468,9.9,1293,.904,100.9
5,Boston Bruins*,27.8,48,28,14,6,62,.646,131,109,4,3,0.44,-0.02,5.00,18,122,14.75,21,163,87.12,5,2,11.9,9.5,1557,8.2,1373,.923,100.5
6,St. Louis Blues*,26.3,48,29,17,2,60,.625,129,115,5,1,0.31,0.02,5.08,29,149,19.46,23,150,84.67,3,5,10.7,11.0,1336,9.3,1161,.902,99.4
7,Los Angeles Kings*,26.5,48,27,16,5,59,.615,133,118,2,4,0.29,-0.02,5.23,33,166,19.88,27,161,83.23,2,1,9.8,10.4,1431,9.2,1198,.905,99.2
8,Vancouver Canucks*,28.2,48,26,15,7,59,.615,127,121,5,6,0.07,-0.06,5.17,26,165,15.76,27,169,84.02,2,3,12.6,12.9,1350,9.0,1389,.917,100.4
9,Toronto Maple Leafs*,26.0,48,26,17,5,57,.594,145,133,0,5,0.27,0.02,5.79,31,166,18.67,19,157,87.90,1,4,15.9,15.0,1264,11.5,1549,.917,102.5
10,Washington Capitals*,26.6,48,27,18,3,57,.594,149,130,3,0,0.31,-0.09,5.81,44,164,26.83,36,163,77.91,3,4,10.6,11.3,1350,10.8,1551,.916,101.2
11,San Jose Sharks*,28.9,48,25,16,7,57,.594,124,116,8,4,0.17,0.01,5.00,34,169,20.12,22,147,85.03,3,4,10.8,11.0,1526,7.6,1390,.919,99.7
12,Ottawa Senators*,27.4,48,25,17,6,56,.583,116,104,4,4,0.27,0.02,4.58,25,157,15.92,20,167,88.02,2,1,13.5,13.5,1591,7.0,1502,.933,99.6
13,Detroit Red Wings*,28.2,48,24,16,8,56,.583,124,115,2,5,0.20,0.01,4.98,34,185,18.38,30,164,81.71,3,5,9.6,11.2,1447,8.4,1322,.917,100.2
14,New York Rangers*,27.2,48,26,18,4,56,.583,130,112,4,4,0.38,0.00,5.04,24,153,15.69,28,148,81.08,5,4,9.0,9.9,1483,8.5,1353,.920,100.8
15,Columbus Blue Jackets,26.3,48,24,17,7,55,.573,120,119,5,4,0.03,0.01,4.98,22,155,14.19,25,144,82.64,3,2,12.4,12.5,1283,9.0,1436,.920,101.2
16,Minnesota Wild*,27.8,48,26,19,3,55,.573,122,127,4,2,-0.16,-0.05,5.19,27,151,17.88,26,135,80.74,1,0,11.2,11.7,1382,8.5,1299,.904,98.9
17,New York Islanders*,28.7,48,24,17,7,55,.573,139,139,4,3,0.03,0.03,5.79,31,156,19.87,28,142,80.28,2,0,9.5,10.1,1485,9.1,1352,.899,99.1
18,Phoenix Coyotes,28.4,48,21,18,9,51,.531,125,131,4,6,-0.10,0.03,5.33,25,169,14.79,34,169,79.88,2,2,10.3,9.8,1482,8.2,1467,.915,100.2
19,Winnipeg Jets,26.4,48,24,21,3,51,.531,128,144,2,3,-0.36,-0.03,5.67,20,145,13.79,28,138,79.71,1,3,11.0,10.4,1389,9.1,1424,.901,99.6
20,Philadelphia Flyers,27.9,48,23,22,3,49,.510,133,141,1,2,-0.14,0.03,5.71,37,171,21.64,26,184,85.87,2,3,15.4,15.3,1394,9.5,1371,.899,99.1
21,Buffalo Sabres,27.3,48,21,21,6,48,.500,125,143,7,4,-0.31,0.07,5.58,23,163,14.11,37,178,79.21,7,7,13.0,12.0,1339,8.8,1606,.913,100.5
22,New Jersey Devils,30.8,48,19,19,10,48,.500,112,129,2,7,-0.31,0.04,5.02,28,176,15.91,32,169,81.07,11,6,10.3,11.3,1362,8.0,1110,.890,97.8
23,Dallas Stars,28.2,48,22,22,4,48,.500,130,142,2,1,-0.21,0.05,5.67,29,171,16.96,34,179,81.01,2,3,12.6,13.0,1261,10.2,1489,.905,101.1
24,Edmonton Oilers,26.4,48,19,22,7,45,.469,125,134,2,3,-0.22,-0.03,5.40,34,169,20.12,29,175,83.43,4,1,10.5,11.0,1285,9.6,1572,.917,100.6
25,Calgary Flames,29.0,48,19,25,4,42,.438,128,160,0,3,-0.65,0.02,6.00,31,155,20.00,28,151,81.46,6,2,10.7,9.8,1293,9.9,1412,.889,97.9
26,Carolina Hurricanes,26.9,48,19,25,4,42,.438,128,160,1,1,-0.65,0.02,6.00,24,165,14.55,36,161,77.64,3,4,11.0,10.4,1545,8.2,1546,.898,98.7
27,Nashville Predators,27.3,48,16,23,9,41,.427,111,139,2,6,-0.50,0.09,5.21,24,140,17.14,34,139,75.54,1,4,9.6,9.9,1244,8.8,1335,.900,99.7
28,Tampa Bay Lightning,27.7,48,18,26,4,40,.417,148,150,1,3,-0.11,-0.07,6.21,31,163,19.02,30,155,80.65,0,4,11.8,12.8,1323,11.1,1451,.899,101.0
29,Colorado Avalanche,26.7,48,16,25,7,39,.406,116,152,2,2,-0.73,0.02,5.58,21,140,15.00,36,183,80.33,3,3,12.3,9.7,1415,8.1,1508,.901,98.6
30,Florida Panthers,27.8,48,15,27,6,36,.375,112,171,3,1,-1.18,0.05,5.90,29,142,20.42,39,151,74.17,4,1,11.1,10.2,1400,7.8,1504,.887,96.6
,League Average,27.6,48,24,19,5,53,.556,131,131,,,0.00,0.00,5.44,29,160,18.22,29,160,81.78,3,3,11.4,11.4,1399,9.3,1399,.909,
